4096
-159.973 25591.361
-159.875 25560.016
-159.589 25468.649
-159.454 25425.578
-159.398 25407.722
-159.379 25401.666
-159.345 25390.829
-159.210 25347.824
-159.162 25332.542
-159.151 25329.041
-159.003 25281.954
-158.852 25233.958
-158.830 25226.969
-158.756 25203.468
-158.691 25182.833
-158.654 25171.092
-158.638 25166.015
-158.546 25136.834
-158.409 25093.411
-158.353 25075.673
-158.301 25059.207
-158.194 25025.342
-158.136 25006.994
-158.081 24989.603
-158.048 24979.170
-158.008 24966.528
-157.916 24937.463
-157.848 24915.991
-157.791 24898.000
-157.760 24888.218
-157.745 24883.485
-157.478 24799.320
-157.468 24796.171
-157.450 24790.502
-157.374 24766.576
-157.132 24690.465
-157.113 24684.495
-156.910 24620.748
-156.890 24614.472
-156.707 24557.084
-156.572 24514.791
-156.549 24507.589
-156.531 24501.954
-156.518 24497.884
-156.454 24477.854
-156.452 24477.228
-156.409 24463.775
-156.203 24399.377
-156.160 24385.946
-156.134 24377.826
-156.077 24360.030
-156.062 24355.348
-155.988 24332.256
-155.952 24321.026
-155.828 24282.366
-155.694 24240.622
-155.659 24229.724
-155.558 24198.291
-155.506 24182.116
-155.498 24179.628
-155.365 24138.283
-155.093 24053.839
-154.886 23989.673
-154.870 23984.717
-154.648 23916.004
-154.537 23881.684
-154.449 23854.494
-154.445 23853.258
-154.412 23843.066
-154.286 23804.170
-154.273 23800.159
-154.258 23795.531
-154.237 23789.052
-154.218 23783.192
-154.166 23767.156
-154.149 23761.914
-154.112 23750.509
-154.053 23732.327
-153.888 23681.517
-153.820 23660.592
-153.734 23634.143
-153.586 23588.659
-153.355 23517.756
-153.345 23514.689
-153.233 23480.352
-153.218 23475.756
-153.136 23450.634
-153.009 23411.754
-152.798 23347.229
-152.543 23269.367
-152.528 23264.791
-152.381 23219.969
-152.348 23209.913
-152.225 23172.451
-152.196 23163.622
-152.100 23134.410
-152.082 23128.935
-152.070 23125.285
-152.054 23120.419
-152.026 23111.905
-151.970 23094.881
-151.864 23062.674
-151.788 23039.597
-151.776 23035.954
-151.722 23019.565
-151.718 23018.352
-151.623 22989.534
-151.421 22928.319
-151.330 22900.769
-151.264 22880.798
-151.001 22801.302
-150.994 22799.188
-150.765 22730.085
-150.754 22726.769
-150.707 22712.600
-150.455 22636.707
-150.391 22617.453
-150.375 22612.641
-150.302 22590.691
-150.233 22569.954
-150.180 22554.032
-150.118 22535.414
-150.057 22517.103
-149.822 22446.632
-149.604 22381.357
-149.513 22354.137
-149.478 22343.672
-149.340 22302.436
-149.336 22301.241
-149.300 22290.490
-149.276 22283.324
-149.124 22237.967
-148.854 22157.513
-148.605 22083.446
-148.252 21978.656
-148.095 21932.129
-148.067 21923.836
-148.057 21920.875
-148.034 21914.065
-148.009 21906.664
-147.841 21856.961
-147.800 21844.840
-147.654 21801.704
-147.639 21797.274
-147.553 21771.888
-147.482 21750.940
-147.472 21747.991
-147.460 21744.452
-147.303 21698.174
-147.271 21688.747
-147.247 21681.679
-147.159 21655.771
-147.150 21653.123
-147.133 21648.120
-147.018 21614.292
-146.960 21597.242
-146.959 21596.948
-146.934 21589.600
-146.915 21584.017
-146.905 21581.079
-146.643 21504.169
-146.611 21494.785
-146.575 21484.231
-146.471 21453.754
-146.454 21448.774
-146.312 21407.201
-146.307 21405.738
-146.196 21373.270
-146.173 21366.546
-146.130 21353.977
-145.941 21298.775
-145.886 21282.725
-145.726 21236.067
-145.644 21212.175
-145.624 21206.349
-145.589 21196.157
-145.566 21189.460
-145.538 21181.309
-145.479 21164.139
-145.171 21074.619
-145.125 21061.266
-145.089 21050.818
-145.043 21037.472
-145.003 21025.870
-144.868 20986.737
-144.865 20985.868
-144.755 20954.010
-144.743 20950.536
-144.730 20946.773
-144.675 20930.856
-144.522 20886.608
-144.501 20880.539
-144.485 20875.915
-144.468 20871.003
-144.452 20866.380
-144.395 20849.916
-144.112 20768.269
-144.057 20752.419
-144.024 20742.913
-143.894 20705.483
-143.835 20688.507
-143.811 20681.604
-143.778 20672.113
-143.776 20671.538
-143.771 20670.100
-143.721 20655.726
-143.622 20627.279
-143.620 20626.704
-143.307 20536.896
-143.272 20526.866
-143.183 20501.371
-143.126 20485.052
-143.067 20468.166
-143.037 20459.583
-142.882 20415.266
-142.840 20403.266
-142.792 20389.555
-142.773 20384.130
-142.749 20377.277
-142.612 20338.183
-142.594 20333.049
-142.590 20331.908
-142.582 20329.627
-142.418 20282.887
-142.340 20260.676
-142.337 20259.822
-142.323 20255.836
-142.270 20240.753
-142.217 20225.675
-142.181 20215.437
-142.102 20192.978
-142.087 20188.716
-142.028 20171.953
-141.950 20149.802
-141.874 20128.232
-141.856 20123.125
-141.848 20120.855
-141.828 20115.182
-141.674 20071.522
-141.588 20047.162
-141.535 20032.156
-141.455 20009.517
-141.431 20002.728
-141.332 19974.734
-141.316 19970.212
-141.296 19964.560
-141.234 19947.043
-141.088 19905.824
-141.045 19893.692
-141.018 19886.076
-140.996 19879.872
-140.966 19871.413
-140.916 19857.319
-140.852 19839.286
-140.772 19816.756
-140.359 19700.649
-140.356 19699.807
-140.317 19688.860
-140.238 19666.697
-140.141 19639.500
-140.028 19607.841
-139.999 19599.720
-139.896 19570.891
-139.847 19557.183
-139.833 19553.268
-139.789 19540.965
-139.729 19524.193
-139.655 19503.519
-139.533 19469.458
-139.441 19443.792
-139.439 19443.235
-139.351 19418.701
-139.261 19393.626
-139.162 19366.062
-139.031 19329.619
-139.010 19323.780
-138.862 19282.655
-138.837 19275.713
-138.713 19241.296
-138.689 19234.639
-138.656 19225.486
-138.577 19203.585
-138.523 19188.622
-138.467 19173.110
-138.428 19162.311
-138.406 19156.221
-138.302 19127.443
-138.264 19116.934
-138.250 19113.062
-138.225 19106.151
-138.134 19081.002
-138.025 19050.901
-137.934 19025.788
-137.900 19016.410
-137.688 18957.985
-137.606 18935.411
-137.429 18886.730
-137.330 18859.529
-137.262 18840.857
-137.000 18769.000
-136.780 18708.768
-136.748 18700.016
-136.452 18619.148
-136.205 18551.802
-136.091 18520.760
-136.089 18520.216
-136.041 18507.154
-136.025 18502.801
-136.023 18502.257
-135.962 18485.665
-135.773 18434.308
-135.616 18391.699
-135.590 18384.648
-135.575 18380.581
-135.571 18379.496
-135.294 18304.466
-135.188 18275.795
-135.062 18241.744
-135.012 18228.240
-134.960 18214.202
-134.936 18207.724
-134.852 18185.062
-134.807 18172.927
-134.794 18169.422
-134.738 18154.329
-134.692 18141.935
-134.664 18134.393
-134.645 18129.276
-134.642 18128.468
-134.607 18119.044
-134.585 18113.122
-134.565 18107.739
-134.319 18041.594
-134.099 17982.542
-134.016 17960.288
-133.952 17943.138
-133.947 17941.799
-133.692 17873.551
-133.627 17856.175
-133.504 17823.318
-133.352 17782.756
-133.299 17768.623
-133.250 17755.562
-133.196 17741.174
-133.127 17722.798
-133.090 17712.948
-133.063 17705.762
-133.052 17702.835
-132.992 17686.872
-132.955 17677.032
-132.901 17662.676
-132.805 17637.168
-132.675 17602.656
-132.624 17589.125
-132.430 17537.705
-132.425 17536.381
-132.305 17504.613
-132.300 17503.290
-132.287 17499.850
-132.251 17490.327
-132.070 17442.485
-132.065 17441.164
-131.922 17403.414
-131.872 17390.224
-131.864 17388.114
-131.771 17363.596
-131.683 17340.412
-131.625 17325.141
-131.621 17324.088
-131.579 17313.033
-131.537 17301.982
-131.471 17284.624
-131.153 17201.109
-130.979 17155.498
-130.941 17145.545
-130.925 17141.356
-130.922 17140.570
-130.803 17109.425
-130.754 17096.609
-130.729 17090.071
-130.693 17080.660
-130.584 17052.181
-130.527 17037.298
-130.469 17022.160
-130.455 17018.507
-130.393 17002.334
-130.337 16987.734
-130.331 16986.170
-130.309 16980.435
-130.213 16955.425
-130.211 16954.905
-130.048 16912.482
-130.046 16911.962
-129.973 16892.981
-129.869 16865.957
-129.821 16853.492
-129.748 16834.544
-129.689 16819.237
-129.569 16788.126
-129.509 16772.581
-129.486 16766.624
-129.485 16766.365
-129.445 16756.008
-129.373 16737.373
-129.281 16713.577
-129.274 16711.767
-129.001 16641.258
-128.840 16599.746
-128.779 16584.031
-128.682 16559.057
-128.591 16535.645
-128.526 16518.933
-128.501 16512.507
-128.380 16481.424
-128.273 16453.963
-128.234 16443.959
-127.741 16317.763
-127.687 16303.970
-127.675 16300.906
-127.584 16277.677
-127.562 16272.064
-127.504 16257.270
-127.448 16242.993
-127.410 16233.308
-127.388 16227.703
-127.076 16148.310
-127.015 16132.810
-126.915 16107.417
-126.912 16106.656
-126.725 16059.226
-126.722 16058.465
-126.705 16054.157
-126.665 16044.022
-126.657 16041.996
-126.637 16036.930
-126.555 16016.168
-126.525 16008.576
-126.480 15997.190
-126.470 15994.661
-126.164 15917.355
-125.963 15866.677
-125.939 15860.632
-125.761 15815.829
-125.749 15812.811
-125.741 15810.799
-125.732 15808.536
-125.703 15801.244
-125.666 15791.944
-125.584 15771.341
-125.554 15763.807
-125.461 15740.463
-125.413 15728.421
-125.283 15695.830
-124.977 15619.251
-124.897 15599.261
-124.784 15571.047
-124.769 15567.303
-124.601 15525.409
-124.551 15512.952
-124.358 15464.912
-124.263 15441.293
-124.255 15439.305
-124.198 15425.143
-124.143 15411.484
-124.102 15401.306
-123.909 15353.440
-123.593 15275.230
-123.535 15260.896
-123.480 15247.310
-123.432 15235.459
-123.414 15231.015
-123.274 15196.479
-123.240 15188.098
-123.180 15173.312
-123.170 15170.849
-122.922 15109.818
-122.876 15098.511
-122.852 15092.614
-122.613 15033.948
-122.599 15030.515
-122.565 15022.179
-122.558 15020.463
-122.478 15000.860
-122.366 14973.438
-122.131 14915.981
-122.021 14889.124
-122.020 14888.880
-121.906 14861.073
-121.854 14848.397
-121.525 14768.326
-121.471 14755.204
-121.349 14725.580
-121.323 14719.270
-121.240 14699.138
-121.122 14670.539
-121.069 14657.703
-121.031 14648.503
-120.939 14626.242
-120.903 14617.535
-120.865 14608.348
-120.837 14601.581
-120.781 14588.050
-120.649 14556.181
-120.641 14554.251
-120.566 14536.160
-120.462 14511.093
-120.358 14486.048
-120.351 14484.363
-120.185 14444.434
-120.081 14419.447
-119.950 14388.003
-119.860 14366.420
-119.793 14350.363
-119.766 14343.895
-119.700 14328.090
-119.626 14310.380
-119.524 14285.987
-119.465 14271.886
-119.317 14236.546
-119.299 14232.251
-119.288 14229.627
-119.184 14204.826
-119.121 14189.813
-119.019 14165.522
-119.004 14161.952
-118.986 14157.668
-118.786 14110.114
-118.757 14103.225
-118.739 14098.950
-118.675 14083.756
-118.673 14083.281
-118.664 14081.145
-118.515 14045.805
-118.451 14030.639
-118.419 14023.060
-118.249 13982.826
-118.195 13970.058
-118.154 13960.368
-117.992 13922.112
-117.889 13897.816
-117.847 13887.915
-117.806 13878.254
-117.774 13870.715
-117.760 13867.418
-117.756 13866.476
-117.655 13842.699
-117.631 13837.052
-117.501 13806.485
-117.276 13753.660
-117.249 13747.328
-117.168 13728.340
-117.141 13722.014
-117.115 13715.923
-117.073 13706.087
-116.864 13657.194
-116.765 13634.065
-116.621 13600.458
-116.315 13529.179
-116.265 13517.550
-116.156 13492.216
-116.038 13464.817
-116.014 13459.248
-115.921 13437.678
-115.868 13425.393
-115.804 13410.566
-115.710 13388.804
-115.536 13348.567
-115.359 13307.699
-115.265 13286.020
-115.214 13274.266
-115.210 13273.344
-115.197 13270.349
-115.012 13227.760
-114.872 13195.576
-114.761 13170.087
-114.744 13166.186
-114.550 13121.702
-114.457 13100.405
-114.394 13085.987
-114.123 13024.059
-114.042 13005.578
-114.023 13001.245
-113.915 12976.627
-113.869 12966.149
-113.854 12962.733
-113.849 12961.595
-113.829 12957.041
-113.335 12844.822
-113.252 12826.016
-112.998 12768.548
-112.978 12764.028
-112.606 12680.111
-112.376 12628.365
-112.222 12593.777
-112.213 12591.757
-112.075 12560.806
-112.050 12555.202
-111.977 12538.849
-111.945 12531.683
-111.932 12528.773
-111.798 12498.793
-111.763 12490.968
-111.700 12476.890
-111.597 12453.890
-111.569 12447.642
-111.394 12408.623
-111.385 12406.618
-111.384 12406.395
-111.330 12394.369
-111.207 12366.997
-111.131 12350.099
-111.005 12322.110
-110.683 12250.726
-110.628 12238.554
-110.505 12211.355
-110.448 12198.761
-110.399 12187.939
-110.398 12187.718
-110.364 12180.212
-110.283 12162.340
-110.245 12153.960
-110.187 12141.175
-110.126 12127.736
-109.937 12086.144
-109.906 12079.329
-109.845 12065.924
-109.799 12055.820
-109.778 12051.209
-109.734 12041.551
-109.677 12029.044
-109.658 12024.877
-109.512 11992.878
-109.446 11978.427
-109.398 11967.922
-109.075 11897.356
-109.068 11895.829
-108.988 11878.384
-108.943 11868.577
-108.929 11865.527
-108.928 11865.309
-108.860 11850.500
-108.747 11825.910
-108.546 11782.234
-108.433 11757.715
-108.221 11711.785
-108.160 11698.586
-108.090 11683.448
-108.079 11681.070
-107.809 11622.780
-107.650 11588.523
-107.568 11570.875
-107.551 11567.218
-107.443 11543.998
-107.229 11498.058
-107.107 11471.909
-106.952 11438.730
-106.753 11396.203
-106.683 11381.262
-106.633 11370.597
-106.570 11357.165
-106.498 11341.824
-106.393 11319.470
-106.303 11300.328
-106.153 11268.459
-106.133 11264.214
-105.834 11200.836
-105.739 11180.736
-105.666 11165.304
-105.399 11108.949
-105.308 11089.775
-105.303 11088.722
-105.248 11077.142
-105.224 11072.090
-105.216 11070.407
-104.927 11009.675
-104.902 11004.430
-104.827 10988.700
-104.776 10978.010
-104.763 10975.286
-104.521 10924.639
-104.485 10917.115
-104.430 10905.625
-104.367 10892.471
-104.331 10884.958
-104.197 10857.015
-104.141 10845.348
-104.050 10826.403
-103.934 10802.276
-103.928 10801.029
-103.925 10800.406
-103.910 10797.288
-103.861 10787.107
-103.793 10772.987
-103.780 10770.288
-103.682 10749.957
-103.562 10725.088
-103.380 10687.424
-103.341 10679.362
-103.294 10669.650
-103.259 10662.421
-103.216 10653.543
-103.208 10651.891
-103.160 10641.986
-103.103 10630.229
-103.057 10620.745
-102.894 10587.175
-102.759 10559.412
-102.737 10554.891
-102.726 10552.631
-102.629 10532.712
-102.594 10525.529
-102.508 10507.890
-102.480 10502.150
-102.469 10499.896
-102.405 10486.784
-102.398 10485.350
-102.392 10484.122
-102.387 10483.098
-102.345 10474.499
-102.195 10443.818
-102.010 10406.040
-101.907 10385.037
-101.906 10384.833
-101.877 10378.923
-101.864 10376.274
-101.760 10355.098
-101.656 10333.942
-101.585 10319.512
-101.568 10316.059
-101.498 10301.844
-101.468 10295.755
-101.440 10290.074
-101.410 10283.988
-101.351 10272.025
-101.309 10263.513
-101.146 10230.513
-101.074 10215.953
-100.921 10185.048
-100.897 10180.205
-100.813 10163.261
-100.766 10153.787
-100.694 10139.282
-100.558 10111.911
-100.557 10111.710
-100.554 10111.107
-100.124 10024.815
-100.083 10016.607
-99.985 9997.000
-99.955 9991.002
-99.940 9988.004
-99.835 9967.027
-99.725 9945.076
-99.667 9933.511
-99.578 9915.778
-99.491 9898.459
-99.390 9878.372
-99.366 9873.602
-98.853 9771.916
-98.837 9768.753
-98.813 9764.009
-98.470 9696.341
-98.287 9660.334
-98.236 9650.312
-98.229 9648.936
-98.197 9642.651
-98.140 9631.460
-98.099 9623.414
-98.070 9617.725
-98.033 9610.469
-98.012 9606.352
-97.741 9553.303
-97.596 9524.979
-97.573 9520.490
-97.436 9493.774
-97.427 9492.020
-97.406 9487.929
-97.380 9482.864
-97.085 9425.497
-97.082 9424.915
-96.899 9389.416
-96.881 9385.928
-96.874 9384.572
-96.829 9375.855
-96.827 9375.468
-96.607 9332.912
-96.580 9327.696
-96.571 9325.958
-96.509 9313.987
-96.406 9294.117
-96.344 9282.166
-96.290 9271.764
-96.206 9255.594
-96.042 9224.066
-96.004 9216.768
-96.003 9216.576
-95.973 9210.817
-95.883 9193.550
-95.844 9186.072
-95.802 9178.023
-95.479 9116.239
-95.314 9084.759
-95.232 9069.134
-95.212 9065.325
-95.018 9028.420
-95.014 9027.660
-94.990 9023.100
-94.786 8984.386
-94.665 8961.462
-94.599 8948.971
-94.541 8938.001
-94.524 8934.787
-94.494 8929.116
-94.280 8888.718
-94.252 8883.440
-94.204 8874.394
-94.202 8874.017
-94.199 8873.452
-94.188 8871.379
-94.155 8865.164
-94.061 8847.472
-93.934 8823.596
-93.829 8803.881
-93.654 8771.072
-93.622 8765.079
-93.474 8737.389
-93.394 8722.439
-93.370 8717.957
-93.348 8713.849
-93.305 8705.823
-93.283 8701.718
-93.275 8700.226
-93.243 8694.257
-93.206 8687.358
-93.183 8683.071
-93.171 8680.835
-93.027 8654.023
-92.936 8637.100
-92.850 8621.122
-92.816 8614.810
-92.796 8611.098
-92.664 8586.617
-92.544 8564.392
-92.541 8563.837
-92.364 8531.108
-92.344 8527.414
-92.203 8501.393
-92.134 8488.674
-92.128 8487.568
-92.111 8484.436
-91.990 8462.160
-91.922 8449.654
-91.885 8442.853
-91.765 8420.815
-91.683 8405.772
-91.672 8403.756
-91.652 8400.089
-91.607 8391.842
-91.606 8391.659
-91.488 8370.054
-91.426 8358.713
-91.332 8341.534
-91.311 8337.699
-91.260 8328.388
-91.258 8328.023
-91.207 8318.717
-91.187 8315.069
-91.039 8288.100
-90.935 8269.174
-90.898 8262.446
-90.892 8261.356
-90.838 8251.542
-90.808 8246.093
-90.804 8245.366
-90.779 8240.827
-90.595 8207.454
-90.550 8199.302
-90.432 8177.947
-90.167 8130.088
-90.136 8124.498
-89.948 8090.643
-89.919 8085.427
-89.899 8081.830
-89.798 8063.681
-89.625 8032.641
-89.607 8029.414
-89.596 8027.443
-89.567 8022.247
-89.460 8003.092
-89.429 7997.546
-89.271 7969.311
-89.228 7961.636
-89.220 7960.208
-89.168 7950.932
-89.076 7934.534
-89.041 7928.300
-88.948 7911.747
-88.911 7905.166
-88.891 7901.610
-88.841 7892.723
-88.828 7890.414
-88.792 7884.019
-88.717 7870.706
-88.617 7852.973
-88.609 7851.555
-88.586 7847.479
-88.388 7812.439
-88.252 7788.416
-88.091 7760.024
-88.081 7758.263
-88.033 7749.809
-87.978 7740.128
-87.859 7719.204
-87.849 7717.447
-87.816 7711.650
-87.755 7700.940
-87.681 7687.958
-87.662 7684.626
-87.650 7682.523
-87.363 7632.294
-87.308 7622.687
-87.170 7598.609
-87.035 7575.091
-86.968 7563.433
-86.944 7559.259
-86.926 7556.129
-86.825 7538.581
-86.790 7532.504
-86.600 7499.560
-86.495 7481.385
-86.479 7478.617
-86.390 7463.232
-86.348 7455.977
-86.337 7454.078
-86.273 7443.031
-85.964 7389.809
-85.905 7379.669
-85.887 7376.577
-85.821 7365.244
-85.814 7364.043
-85.758 7354.435
-85.739 7351.176
-85.646 7335.237
-85.593 7326.162
-85.490 7308.540
-85.483 7307.343
-85.206 7260.062
-85.149 7250.352
-85.004 7225.680
-84.798 7190.701
-84.756 7183.580
-84.702 7174.429
-84.698 7173.751
-84.591 7155.637
-84.535 7146.166
-84.461 7133.661
-84.433 7128.931
-84.286 7104.130
-84.284 7103.793
-84.269 7101.264
-84.141 7079.708
-84.138 7079.203
-84.092 7071.464
-84.029 7060.873
-84.018 7059.024
-83.946 7046.931
-83.912 7041.224
-83.907 7040.385
-83.778 7018.753
-83.446 6963.235
-83.444 6962.901
-83.428 6960.231
-83.093 6904.447
-83.087 6903.450
-83.034 6894.645
-83.032 6894.313
-82.960 6882.362
-82.918 6875.395
-82.889 6870.586
-82.851 6864.288
-82.817 6858.655
-82.650 6831.023
-82.459 6799.487
-82.415 6792.232
-82.369 6784.652
-82.218 6759.800
-81.979 6720.556
-81.738 6681.101
-81.673 6670.479
-81.581 6655.460
-81.445 6633.288
-81.421 6629.379
-81.365 6620.263
-81.238 6599.613
-80.978 6557.436
-80.420 6467.376
-80.201 6432.200
-80.151 6424.183
-80.130 6420.817
-80.127 6420.336
-80.111 6417.772
-80.009 6401.440
-79.910 6385.608
-79.783 6365.327
-79.774 6363.891
-79.763 6362.136
-79.760 6361.658
-79.751 6360.222
-79.431 6309.284
-79.428 6308.807
-78.931 6230.103
-78.858 6218.584
-78.841 6215.903
-78.805 6210.228
-78.788 6207.549
-78.637 6183.778
-78.620 6181.104
-78.577 6174.345
-78.563 6172.145
-78.529 6166.804
-78.356 6139.663
-78.310 6132.456
-78.244 6122.124
-78.197 6114.771
-78.096 6098.985
-78.091 6098.204
-77.955 6076.982
-77.828 6057.198
-77.759 6046.462
-77.712 6039.155
-77.657 6030.610
-77.411 5992.463
-77.344 5982.094
-77.265 5969.880
-77.133 5949.500
-77.054 5937.319
-76.983 5926.382
-76.751 5890.716
-76.636 5873.076
-76.632 5872.463
-76.482 5849.496
-76.239 5812.385
-76.221 5809.641
-76.093 5790.145
-76.036 5781.473
-76.008 5777.216
-75.874 5756.864
-75.810 5747.156
-75.680 5727.462
-75.605 5716.116
-75.569 5710.674
-75.537 5705.838
-75.519 5703.119
-75.518 5702.968
-75.406 5686.065
-75.395 5684.406
-75.390 5683.652
-75.341 5676.266
-75.296 5669.488
-75.286 5667.982
-75.278 5666.777
-75.002 5625.300
-74.980 5622.000
-74.934 5615.104
-74.829 5599.379
-74.828 5599.230
-74.732 5584.872
-74.726 5583.975
-74.666 5575.012
-74.359 5529.261
-74.324 5524.057
-74.104 5491.403
-74.087 5488.884
-74.050 5483.402
-74.001 5476.148
-73.710 5433.164
-73.662 5426.090
-73.545 5408.867
-73.472 5398.135
-73.443 5393.874
-73.441 5393.580
-73.439 5393.287
-73.367 5382.717
-73.268 5368.200
-73.233 5363.072
-73.105 5344.341
-73.007 5330.022
-72.826 5303.626
-72.758 5293.727
-72.562 5265.244
-72.468 5251.611
-72.309 5228.591
-72.296 5226.712
-72.242 5218.907
-72.116 5200.717
-71.907 5170.617
-71.820 5158.112
-71.750 5148.062
-71.659 5135.012
-71.593 5125.558
-71.555 5120.118
-71.553 5119.832
-71.398 5097.674
-71.236 5074.568
-71.081 5052.509
-71.069 5050.803
-70.893 5025.817
-70.812 5014.339
-70.767 5007.968
-70.699 4998.349
-70.668 4993.966
-70.666 4993.684
-70.626 4988.032
-70.606 4985.207
-70.556 4978.149
-70.554 4977.867
-70.442 4962.075
-70.360 4950.530
-70.357 4950.107
-70.204 4928.602
-70.167 4923.408
-70.119 4916.674
-70.103 4914.431
-69.844 4878.184
-69.819 4874.693
-69.817 4874.413
-69.811 4873.576
-69.800 4872.040
-69.614 4846.109
-69.534 4834.977
-69.532 4834.699
-69.511 4831.779
-69.510 4831.640
-69.427 4820.108
-69.394 4815.527
-69.297 4802.074
-69.146 4781.169
-69.113 4776.607
-69.080 4772.046
-69.056 4768.731
-69.054 4768.455
-68.991 4759.758
-68.940 4752.724
-68.860 4741.700
-68.802 4733.715
-68.767 4728.900
-68.732 4724.088
-68.555 4699.788
-68.493 4691.291
-68.408 4679.654
-68.406 4679.381
-68.305 4665.573
-68.269 4660.656
-68.220 4653.968
-68.163 4646.195
-68.133 4642.106
-68.066 4632.980
-68.035 4628.761
-67.861 4605.115
-67.810 4598.196
-67.796 4596.298
-67.319 4531.848
-67.303 4529.694
-66.924 4478.822
-66.577 4432.497
-66.494 4421.452
-66.450 4415.602
-66.435 4413.609
-66.408 4410.022
-66.314 4397.547
-66.049 4362.470
-65.951 4349.534
-65.818 4332.009
-65.799 4329.508
-65.792 4328.587
-65.770 4325.693
-65.767 4325.298
-65.762 4324.641
-65.722 4319.381
-65.455 4284.357
-65.383 4274.937
-65.380 4274.544
-65.260 4258.868
-65.188 4249.475
-64.973 4221.491
-64.961 4219.932
-64.934 4216.424
-64.916 4214.087
-64.861 4206.949
-64.803 4199.429
-64.745 4191.915
-64.590 4171.868
-64.569 4169.156
-64.568 4169.027
-64.539 4165.283
-64.516 4162.314
-64.453 4154.189
-64.413 4149.035
-64.412 4148.906
-64.279 4131.790
-64.268 4130.376
-64.248 4127.806
-64.197 4121.255
-63.995 4095.360
-63.964 4091.393
-63.928 4086.789
-63.778 4067.633
-63.707 4058.582
-63.634 4049.286
-63.448 4025.649
-63.379 4016.898
-63.166 3989.944
-63.139 3986.533
-63.125 3984.766
-62.938 3961.192
-62.886 3954.649
-62.810 3945.096
-62.804 3944.342
-62.761 3938.943
-62.640 3923.770
-62.607 3919.636
-62.547 3912.127
-62.526 3909.501
-62.347 3887.148
-62.288 3879.795
-62.228 3872.324
-62.194 3868.094
-61.964 3839.537
-61.829 3822.825
-61.673 3803.559
-61.627 3797.887
-61.592 3793.574
-61.574 3791.357
-61.486 3780.528
-61.399 3769.837
-61.398 3769.714
-61.285 3755.851
-61.164 3741.035
-60.967 3716.975
-60.846 3702.236
-60.761 3691.899
-60.702 3684.733
-60.607 3673.208
-60.576 3669.452
-60.567 3668.361
-60.539 3664.971
-60.465 3656.016
-60.362 3643.571
-60.277 3633.317
-60.251 3630.183
-59.806 3576.758
-59.779 3573.529
-59.751 3570.182
-59.749 3569.943
-59.730 3567.673
-59.653 3558.480
-59.542 3545.250
-59.533 3544.178
-59.529 3543.702
-59.498 3540.012
-59.320 3518.862
-59.280 3514.118
-59.252 3510.800
-59.233 3508.548
-59.206 3505.350
-58.921 3471.684
-58.748 3451.328
-58.602 3434.194
-58.587 3432.437
-58.545 3427.517
-58.404 3411.027
-58.360 3405.890
-58.344 3404.022
-58.208 3388.171
-58.092 3374.680
-58.079 3373.170
-58.075 3372.706
-58.072 3372.357
-57.883 3350.442
-57.878 3349.863
-57.858 3347.548
-57.754 3335.525
-57.721 3331.714
-57.675 3326.406
-57.634 3321.678
-57.612 3319.143
-57.577 3315.111
-57.512 3307.630
-57.378 3292.235
-57.371 3291.432
-57.306 3283.978
-57.259 3278.593
-57.216 3273.671
-57.198 3271.611
-57.161 3267.380
-57.099 3260.296
-56.981 3246.834
-56.945 3242.733
-56.705 3215.457
-56.617 3205.485
-56.486 3190.668
-56.359 3176.337
-56.322 3172.168
-56.270 3166.313
-56.156 3153.496
-56.128 3150.352
-56.083 3145.303
-56.062 3142.948
-56.046 3141.154
-55.954 3130.850
-55.928 3127.941
-55.855 3119.781
-55.842 3118.329
-55.579 3089.025
-55.351 3063.733
-55.344 3062.958
-55.181 3044.943
-55.098 3035.790
-55.046 3030.062
-55.005 3025.550
-54.944 3018.843
-54.902 3014.230
-54.773 3000.082
-54.566 2977.448
-54.557 2976.466
-54.531 2973.630
-54.423 2961.863
-54.385 2957.728
-54.314 2950.011
-54.262 2944.365
-54.095 2926.269
-53.909 2906.180
-53.872 2902.192
-53.811 2895.624
-53.794 2893.794
-53.721 2885.946
-53.623 2875.426
-53.605 2873.496
-53.519 2864.283
-53.472 2859.255
-53.270 2837.693
-53.219 2832.262
-53.169 2826.943
-53.129 2822.691
-53.096 2819.185
-53.094 2818.973
-52.955 2804.232
-52.932 2801.797
-52.928 2801.373
-52.895 2797.881
-52.857 2793.862
-52.804 2788.262
-52.632 2770.127
-52.616 2768.443
-52.605 2767.286
-52.594 2766.129
-52.569 2763.500
-52.553 2761.818
-52.426 2748.485
-52.388 2744.503
-52.382 2743.874
-52.296 2734.872
-52.188 2723.587
-52.151 2719.727
-52.047 2708.890
-51.806 2683.862
-51.693 2672.166
-51.600 2662.560
-51.402 2642.166
-51.386 2640.521
-51.329 2634.666
-51.267 2628.305
-51.193 2620.723
-50.903 2591.115
-50.850 2585.723
-50.771 2577.694
-50.752 2575.766
-50.684 2568.868
-50.641 2564.511
-50.453 2545.505
-50.237 2523.756
-50.064 2506.404
-50.059 2505.903
-50.004 2500.400
-49.963 2496.301
-49.849 2484.923
-49.834 2483.428
-49.806 2480.638
-49.786 2478.646
-49.727 2472.775
-49.686 2468.699
-49.668 2466.910
-49.530 2453.221
-49.510 2451.240
-49.495 2449.755
-49.404 2440.755
-49.362 2436.607
-49.272 2427.730
-49.186 2419.263
-49.177 2418.377
-49.163 2417.001
-49.152 2415.919
-49.103 2411.105
-49.030 2403.941
-48.995 2400.510
-48.984 2399.432
-48.978 2398.844
-48.969 2397.963
-48.892 2390.428
-48.793 2380.757
-48.665 2368.282
-48.639 2365.752
-48.423 2344.787
-48.159 2319.289
-48.104 2313.995
-48.061 2309.860
-47.987 2302.752
-47.960 2300.162
-47.843 2288.953
-47.842 2288.857
-47.824 2287.135
-47.766 2281.591
-47.674 2272.810
-47.666 2272.048
-47.665 2271.952
-47.524 2258.531
-47.520 2258.150
-47.440 2250.554
-47.436 2250.174
-47.409 2247.613
-47.372 2244.106
-47.326 2239.750
-47.303 2237.574
-47.270 2234.453
-47.212 2228.973
-47.043 2213.044
-46.715 2182.291
-46.669 2177.996
-46.524 2164.483
-46.365 2149.713
-46.329 2146.376
-46.047 2120.326
-46.038 2119.497
-46.012 2117.104
-45.924 2109.014
-45.815 2099.014
-45.795 2097.182
-45.731 2091.324
-45.702 2088.673
-45.683 2086.936
-45.631 2082.188
-45.586 2078.083
-45.408 2061.886
-45.263 2048.739
-45.224 2045.210
-45.151 2038.613
-45.014 2026.260
-45.010 2025.900
-45.007 2025.630
-45.005 2025.450
-44.979 2023.110
-44.844 2010.984
-44.776 2004.890
-44.556 1985.237
-44.439 1974.825
-44.422 1973.314
-44.361 1967.898
-44.279 1960.630
-44.224 1955.762
-44.004 1936.352
-43.990 1935.120
-43.948 1931.427
-43.768 1915.638
-43.568 1898.171
-43.550 1896.602
-43.364 1880.436
-43.159 1862.699
-43.153 1862.181
-43.145 1861.491
-43.092 1856.920
-42.987 1847.882
-42.912 1841.440
-42.877 1838.437
-42.836 1834.923
-42.824 1833.895
-42.678 1821.412
-42.629 1817.232
-42.487 1805.145
-42.395 1797.336
-42.280 1787.598
-41.997 1763.748
-41.988 1762.992
-41.916 1756.951
-41.893 1755.023
-41.877 1753.683
-41.803 1747.491
-41.802 1747.407
-41.704 1739.224
-41.628 1732.890
-41.482 1720.756
-41.430 1716.445
-41.402 1714.126
-41.388 1712.967
-41.365 1711.063
-41.357 1710.401
-41.311 1706.599
-41.165 1694.557
-41.143 1692.746
-41.060 1685.924
-40.941 1676.165
-40.898 1672.646
-40.806 1665.130
-40.706 1656.978
-40.636 1651.284
-40.470 1637.821
-40.352 1628.284
-40.253 1620.304
-40.186 1614.915
-40.181 1614.513
-40.116 1609.293
-40.094 1607.529
-40.064 1605.124
-39.953 1596.242
-39.900 1592.010
-39.898 1591.850
-39.725 1578.076
-39.485 1559.065
-39.484 1558.986
-39.429 1554.646
-39.195 1536.248
-39.058 1525.527
-39.007 1521.546
-38.856 1509.789
-38.820 1506.992
-38.800 1505.440
-38.691 1496.993
-38.654 1494.132
-38.571 1487.722
-38.516 1483.482
-38.466 1479.633
-38.332 1469.342
-38.247 1462.833
-38.240 1462.298
-38.206 1459.698
-38.156 1455.880
-38.099 1451.534
-38.097 1451.381
-38.062 1448.716
-38.010 1444.760
-37.985 1442.860
-37.925 1438.306
-37.824 1430.655
-37.765 1426.195
-37.760 1425.818
-37.564 1411.054
-37.536 1408.951
-37.520 1407.750
-37.466 1403.701
-37.459 1403.177
-37.187 1382.873
-37.156 1380.568
-37.098 1376.262
-37.056 1373.147
-36.900 1361.610
-36.864 1358.954
-36.653 1343.442
-36.370 1322.777
-36.261 1314.860
-36.260 1314.788
-36.228 1312.468
-36.202 1310.585
-36.176 1308.703
-36.010 1296.720
-35.960 1293.122
-35.824 1283.359
-35.803 1281.855
-35.762 1278.921
-35.711 1275.276
-35.679 1272.991
-35.650 1270.922
-35.567 1265.011
-35.532 1262.523
-35.443 1256.206
-35.386 1252.169
-35.353 1249.835
-35.345 1249.269
-35.274 1244.255
-35.145 1235.171
-35.029 1227.031
-35.018 1226.260
-34.947 1221.293
-34.729 1206.103
-34.703 1204.298
-34.587 1196.261
-34.544 1193.288
-34.386 1182.397
-34.325 1178.206
-34.118 1164.038
-34.112 1163.629
-34.087 1161.924
-34.061 1160.152
-34.025 1157.701
-33.881 1147.922
-33.455 1119.237
-33.435 1117.899
-33.406 1115.961
-33.388 1114.759
-33.375 1113.891
-33.257 1106.028
-33.249 1105.496
-33.014 1089.924
-32.975 1087.351
-32.956 1086.098
-32.901 1082.476
-32.695 1068.963
-32.499 1056.185
-32.394 1049.371
-32.263 1040.901
-32.192 1036.325
-32.147 1033.430
-32.114 1031.309
-32.061 1027.908
-32.009 1024.576
-31.974 1022.337
-31.957 1021.250
-31.904 1017.865
-31.822 1012.640
-31.729 1006.729
-31.644 1001.343
-31.526 993.889
-31.510 992.880
-31.492 991.746
-31.446 988.851
-31.325 981.256
-30.810 949.256
-30.744 945.194
-30.717 943.534
-30.688 941.753
-30.648 939.300
-30.627 938.013
-30.507 930.677
-30.498 930.128
-30.493 929.823
-30.490 929.640
-30.362 921.851
-30.133 907.998
-29.814 888.875
-29.743 884.646
-29.699 882.031
-29.595 875.864
-29.508 870.722
-29.309 859.017
-29.295 858.197
-29.283 857.494
-29.218 853.692
-29.174 851.122
-28.907 835.615
-28.864 833.130
-28.638 820.135
-28.543 814.703
-28.475 810.826
-28.470 810.541
-28.403 806.730
-28.315 801.739
-28.259 798.571
-28.136 791.634
-28.115 790.453
-28.025 785.401
-27.900 778.410
-27.712 767.955
-27.634 763.638
-27.600 761.760
-27.451 753.557
-27.447 753.338
-27.431 752.460
-27.234 741.691
-27.155 737.394
-27.045 731.432
-27.028 730.513
-26.990 728.460
-26.977 727.759
-26.931 725.279
-26.914 724.363
-26.902 723.718
-26.797 718.079
-26.788 717.597
-26.777 717.008
-26.198 686.335
-26.021 677.092
-25.993 675.636
-25.967 674.285
-25.781 664.660
-25.632 656.999
-25.502 650.352
-25.472 648.823
-25.268 638.472
-25.238 636.957
-25.208 635.443
-25.070 628.505
-25.055 627.753
-24.920 621.006
-24.834 616.728
-24.780 614.048
-24.763 613.206
-24.747 612.414
-24.571 603.734
-24.548 602.604
-24.455 598.047
-24.404 595.555
-24.306 590.782
-24.212 586.221
-24.136 582.546
-23.992 575.616
-23.928 572.549
-23.872 569.872
-23.793 566.107
-23.697 561.548
-23.655 559.559
-23.624 558.093
-23.595 556.724
-23.490 551.780
-23.487 551.639
-23.480 551.310
-23.457 550.231
-23.409 547.981
-23.384 546.811
-23.320 543.822
-23.297 542.750
-23.207 538.565
-23.164 536.571
-23.163 536.525
-23.025 530.151
-22.850 522.123
-22.802 519.931
-22.736 516.926
-22.705 515.517
-22.681 514.428
-22.647 512.887
-22.577 509.721
-22.357 499.835
-22.260 495.508
-22.251 495.107
-22.205 493.062
-22.114 489.029
-21.884 478.909
-21.873 478.428
-21.730 472.193
-21.726 472.019
-21.667 469.459
-21.638 468.203
-21.595 466.344
-21.462 460.617
-21.449 460.060
-21.332 455.054
-21.329 454.926
-21.137 446.773
-21.059 443.481
-21.046 442.934
-20.959 439.280
-20.901 436.852
-20.879 435.933
-20.819 433.431
-20.743 430.272
-20.591 423.989
-20.521 421.111
-20.441 417.834
-20.133 405.338
-20.015 400.600
-19.890 395.612
-19.868 394.737
-19.849 393.983
-19.829 393.189
-19.688 387.617
-19.609 384.513
-19.508 380.562
-19.409 376.709
-19.380 375.584
-19.377 375.468
-19.375 375.391
-19.323 373.378
-19.241 370.216
-19.036 362.369
-18.928 358.269
-18.915 357.777
-18.877 356.341
-18.758 351.863
-18.563 344.585
-18.522 343.064
-18.471 341.178
-18.416 339.149
-18.351 336.759
-18.291 334.561
-18.237 332.588
-18.137 328.951
-18.049 325.766
-17.976 323.137
-17.963 322.669
-17.935 321.664
-17.915 320.947
-17.768 315.702
-17.734 314.495
-17.648 311.452
-17.584 309.197
-17.559 308.318
-17.497 306.145
-17.289 298.910
-17.210 296.184
-17.207 296.081
-17.198 295.771
-17.184 295.290
-17.069 291.351
-17.058 290.975
-16.898 285.542
-16.865 284.428
-16.857 284.158
-16.548 273.836
-16.485 271.755
-16.467 271.162
-16.221 263.121
-16.099 259.178
-15.834 250.716
-15.816 250.146
-15.770 248.693
-15.761 248.409
-15.722 247.181
-15.609 243.641
-15.586 242.923
-15.569 242.394
-15.295 233.937
-15.226 231.831
-15.004 225.120
-14.812 219.395
-14.538 211.353
-14.501 210.279
-14.379 206.756
-14.375 206.641
-14.336 205.521
-14.213 202.009
-14.025 196.701
-13.969 195.133
-13.941 194.351
-13.860 192.100
-13.774 189.723
-13.770 189.613
-13.558 183.819
-13.525 182.926
-13.412 179.882
-13.350 178.222
-13.294 176.730
-13.214 174.610
-13.142 172.712
-13.081 171.113
-12.925 167.056
-12.919 166.901
-12.912 166.720
-12.906 166.565
-12.883 165.972
-12.700 161.290
-12.673 160.605
-12.536 157.151
-12.517 156.675
-12.463 155.326
-12.446 154.903
-12.070 145.685
-12.046 145.106
-11.296 127.600
-11.182 125.037
-11.178 124.948
-11.085 122.877
-10.910 119.028
-10.899 118.788
-10.891 118.614
-10.838 117.462
-10.828 117.246
-10.769 115.971
-10.703 114.554
-10.555 111.408
-10.550 111.303
-10.507 110.397
-10.493 110.103
-10.448 109.161
-10.328 106.668
-10.322 106.544
-10.311 106.317
-10.169 103.409
-10.155 103.124
-10.146 102.941
-10.104 102.091
-10.070 101.405
-10.056 101.123
-10.051 101.023
-9.939 98.784
-9.924 98.486
-9.874 97.496
-9.842 96.865
-9.801 96.060
-9.542 91.050
-9.532 90.859
-9.510 90.440
-9.378 87.947
-9.350 87.422
-9.287 86.248
-9.083 82.501
-8.912 79.424
-8.814 77.687
-8.812 77.651
-8.773 76.966
-8.603 74.012
-8.587 73.737
-8.557 73.222
-8.222 67.601
-8.099 65.594
-8.053 64.851
-7.784 60.591
-7.719 59.583
-7.690 59.136
-7.635 58.293
-7.440 55.354
-7.424 55.116
-7.277 52.955
-7.155 51.194
-7.134 50.894
-7.093 50.311
-6.977 48.679
-6.923 47.928
-6.920 47.886
-6.905 47.679
-6.844 46.840
-6.701 44.903
-6.671 44.502
-6.572 43.191
-6.459 41.719
-6.440 41.474
-6.305 39.753
-6.254 39.113
-6.190 38.316
-6.128 37.552
-6.088 37.064
-5.849 34.211
-5.834 34.036
-5.823 33.907
-5.793 33.559
-5.787 33.489
-5.722 32.741
-5.668 32.126
-5.591 31.259
-5.535 30.636
-5.511 30.371
-5.469 29.910
-5.438 29.572
-5.379 28.934
-5.369 28.826
-5.351 28.633
-5.338 28.494
-5.279 27.868
-5.197 27.009
-5.080 25.806
-5.079 25.796
-5.040 25.402
-5.038 25.381
-4.961 24.612
-4.951 24.512
-4.872 23.736
-4.807 23.107
-4.708 22.165
-4.648 21.604
-4.617 21.317
-4.578 20.958
-4.575 20.931
-4.552 20.721
-4.366 19.062
-4.354 18.957
-4.316 18.628
-4.308 18.559
-4.154 17.256
-4.032 16.257
-3.891 15.140
-3.841 14.753
-3.725 13.876
-3.671 13.476
-3.430 11.765
-3.255 10.595
-3.252 10.576
-3.188 10.163
-3.095 9.579
-3.033 9.199
-2.760 7.618
-2.751 7.568
-2.746 7.541
-2.694 7.258
-2.553 6.518
-2.544 6.472
-2.415 5.832
-2.269 5.148
-2.209 4.880
-2.205 4.862
-2.196 4.822
-2.124 4.511
-2.067 4.272
-1.894 3.587
-1.884 3.549
-1.820 3.312
-1.715 2.941
-1.714 2.938
-1.636 2.676
-1.555 2.418
-1.446 2.091
-1.432 2.051
-1.427 2.036
-1.332 1.774
-1.213 1.471
-1.129 1.275
-1.093 1.195
-1.072 1.149
-1.063 1.130
-0.889 0.790
-0.854 0.729
-0.740 0.548
-0.632 0.399
-0.593 0.352
-0.589 0.347
-0.539 0.291
-0.470 0.221
-0.432 0.187
-0.317 0.100
0.045 0.002
0.174 0.030
0.249 0.062
0.377 0.142
0.411 0.169
0.451 0.203
0.647 0.419
0.667 0.445
0.745 0.555
0.930 0.865
0.945 0.893
1.061 1.126
1.121 1.257
1.322 1.748
1.325 1.756
1.482 2.196
1.505 2.265
1.535 2.356
1.644 2.703
1.680 2.822
1.731 2.996
1.781 3.172
1.821 3.316
1.915 3.667
2.138 4.571
2.176 4.735
2.254 5.081
2.420 5.856
2.435 5.929
2.454 6.022
2.495 6.225
2.583 6.672
2.595 6.734
2.673 7.145
2.820 7.952
2.911 8.474
3.044 9.266
3.053 9.321
3.414 11.655
3.421 11.703
3.450 11.903
3.451 11.909
3.452 11.916
3.480 12.110
3.562 12.688
3.697 13.668
3.772 14.228
3.965 15.721
3.976 15.809
3.995 15.960
4.044 16.354
4.063 16.508
4.112 16.909
4.192 17.573
4.276 18.284
4.498 20.232
4.577 20.949
4.621 21.354
4.825 23.281
4.885 23.863
5.012 25.120
5.200 27.040
5.360 28.730
5.497 30.217
5.658 32.013
5.763 33.212
5.836 34.059
5.872 34.480
5.905 34.869
5.923 35.082
5.941 35.295
6.031 36.373
6.033 36.397
6.076 36.918
6.103 37.247
6.274 39.363
6.345 40.259
6.371 40.590
6.820 46.512
6.865 47.128
7.123 50.737
7.200 51.840
7.201 51.854
7.249 52.548
7.262 52.737
7.285 53.071
7.499 56.235
7.523 56.596
7.591 57.623
7.629 58.202
7.653 58.568
7.885 62.173
7.897 62.363
8.174 66.814
8.189 67.060
8.204 67.306
8.276 68.492
8.449 71.386
8.680 75.342
8.727 76.161
8.744 76.458
8.749 76.545
8.798 77.405
8.827 77.916
8.866 78.606
8.869 78.659
8.908 79.352
8.994 80.892
9.059 82.065
9.136 83.466
9.211 84.843
9.221 85.027
9.270 85.933
9.340 87.236
9.380 87.984
9.390 88.172
9.400 88.360
9.563 91.451
9.659 93.296
9.707 94.226
9.742 94.907
9.824 96.511
10.017 100.340
10.125 102.516
10.165 103.327
10.318 106.461
10.440 108.994
10.533 110.944
10.576 111.852
10.701 114.511
10.745 115.455
10.749 115.541
10.766 115.907
10.800 116.640
11.021 121.462
11.061 122.346
11.099 123.188
11.106 123.343
11.299 127.667
11.330 128.369
11.425 130.531
11.442 130.919
11.516 132.618
11.621 135.048
11.623 135.094
11.635 135.373
11.680 136.422
11.686 136.563
11.692 136.703
11.723 137.429
11.813 139.547
12.035 144.841
12.047 145.130
12.100 146.410
12.233 149.646
12.235 149.695
12.320 151.782
12.413 154.083
12.568 157.955
12.643 159.845
12.723 161.875
12.847 165.045
12.870 165.637
12.922 166.978
13.022 169.572
13.025 169.651
13.264 175.934
13.324 177.529
13.548 183.548
13.630 185.777
13.722 188.293
13.787 190.081
13.823 191.075
13.973 195.245
14.061 197.712
14.063 197.768
14.171 200.817
14.247 202.977
14.287 204.118
14.502 210.308
14.606 213.335
14.632 214.095
14.710 216.384
14.802 219.099
14.851 220.552
14.918 222.547
15.021 225.630
15.110 228.312
15.149 229.492
15.195 230.888
15.269 233.142
15.275 233.326
15.341 235.346
15.373 236.329
15.417 237.684
15.449 238.672
15.484 239.754
15.526 241.057
15.557 242.020
15.601 243.391
15.612 243.735
15.686 246.051
15.726 247.307
15.733 247.527
15.742 247.811
15.969 255.009
15.982 255.424
15.986 255.552
16.186 261.987
16.247 263.965
16.296 265.560
16.300 265.690
16.524 273.043
16.672 277.956
16.673 277.989
16.702 278.957
16.732 279.960
16.817 282.811
16.858 284.192
16.893 285.373
16.917 286.185
16.951 287.336
17.008 289.272
17.026 289.885
17.100 292.410
17.363 301.474
17.499 306.215
17.611 310.147
17.621 310.500
17.758 315.347
17.897 320.303
17.972 322.993
18.017 324.612
18.160 329.786
18.232 332.406
18.310 335.256
18.373 337.567
18.439 339.997
18.505 342.435
18.523 343.102
18.544 343.880
18.662 348.270
18.697 349.578
18.816 354.042
18.826 354.418
18.858 355.624
18.911 357.626
18.943 358.837
18.966 359.709
19.027 362.027
19.079 364.008
19.186 368.103
19.252 370.640
19.332 373.726
19.443 378.030
19.445 378.108
19.446 378.147
19.471 379.120
19.547 382.085
19.590 383.768
19.620 384.944
19.828 393.150
19.912 396.488
19.971 398.841
20.039 401.562
20.046 401.842
20.135 405.418
20.290 411.684
20.362 414.611
20.487 419.717
20.692 428.159
20.718 429.236
20.869 435.515
20.912 437.312
20.940 438.484
20.969 439.699
21.037 442.555
21.067 443.818
21.126 446.308
21.382 457.190
21.389 457.489
21.402 458.046
21.444 459.845
21.473 461.090
21.476 461.219
21.489 461.777
21.508 462.594
21.725 471.976
21.789 474.761
21.824 476.287
21.888 479.085
21.932 481.013
22.094 488.145
22.281 496.443
22.298 497.201
22.453 504.137
22.668 513.838
22.724 516.380
22.756 517.836
22.794 519.566
22.869 522.991
22.977 527.943
23.018 529.828
23.250 540.562
23.340 544.756
23.390 547.092
23.430 548.965
23.515 552.955
23.540 554.132
23.577 555.875
23.680 560.742
23.702 561.785
23.816 567.202
23.892 570.828
23.918 572.071
24.048 578.306
24.127 582.112
24.237 587.432
24.323 591.608
24.371 593.946
24.388 594.775
24.409 595.799
24.413 595.995
24.425 596.581
24.478 599.172
24.714 610.782
24.777 613.900
24.915 620.757
25.303 640.242
25.324 641.305
25.615 656.128
25.677 659.308
25.726 661.827
25.799 665.588
25.805 665.898
25.865 668.998
25.970 674.441
26.049 678.550
26.216 687.279
26.261 689.640
26.277 690.481
26.282 690.744
26.321 692.795
26.439 699.021
26.647 710.063
26.778 717.061
26.808 718.669
26.834 720.064
26.911 724.202
26.933 725.386
27.219 740.874
27.241 742.072
27.498 756.140
27.718 768.288
27.809 773.340
27.858 776.068
27.874 776.960
27.939 780.588
27.957 781.594
27.960 781.762
28.054 787.027
28.058 787.251
28.081 788.543
28.082 788.599
28.084 788.711
28.148 792.310
28.484 811.338
28.502 812.364
28.598 817.846
28.616 818.875
28.655 821.109
28.668 821.854
28.710 824.264
28.721 824.896
28.950 838.102
29.026 842.509
29.083 845.821
29.145 849.431
29.305 858.783
29.361 862.068
29.397 864.184
29.444 866.949
29.615 877.048
29.656 879.478
29.717 883.100
29.771 886.312
29.807 888.457
29.816 888.994
29.938 896.284
29.940 896.404
29.942 896.523
30.414 925.011
30.550 933.303
30.647 939.239
30.686 941.631
30.733 944.517
30.765 946.485
30.830 950.489
30.892 954.316
30.941 957.345
31.126 968.828
31.230 975.313
31.307 980.128
31.372 984.202
31.373 984.265
31.403 986.148
31.585 997.612
31.793 1010.795
32.046 1026.946
32.093 1029.961
32.106 1030.795
32.144 1033.237
32.190 1036.196
32.253 1040.256
32.429 1051.640
32.470 1054.301
32.736 1071.646
32.806 1076.234
32.825 1077.481
32.936 1084.780
33.018 1090.188
33.039 1091.576
33.045 1091.972
33.072 1093.757
33.089 1094.882
33.140 1098.260
33.176 1100.647
33.258 1106.095
33.403 1115.760
33.473 1120.442
33.582 1127.751
33.647 1132.121
33.774 1140.683
33.778 1140.953
33.888 1148.397
34.016 1157.088
34.082 1161.583
34.087 1161.924
34.111 1163.560
34.136 1165.266
34.206 1170.050
34.270 1174.433
34.338 1179.098
34.350 1179.923
34.424 1185.012
34.440 1186.114
34.460 1187.492
34.609 1197.783
34.754 1207.841
34.767 1208.744
34.973 1223.111
35.178 1237.492
35.274 1244.255
35.275 1244.326
35.315 1247.149
35.362 1250.471
35.369 1250.966
35.388 1252.311
35.447 1256.490
35.507 1260.747
35.522 1261.812
35.645 1270.566
36.061 1300.396
36.093 1302.705
36.111 1304.004
36.196 1310.150
36.205 1310.802
36.491 1331.593
36.518 1333.564
36.550 1335.902
36.575 1337.731
36.707 1347.404
36.710 1347.624
36.763 1351.518
36.922 1363.234
37.026 1370.925
37.144 1379.677
37.148 1379.974
37.199 1383.766
37.301 1391.365
37.325 1393.156
37.357 1395.545
37.359 1395.695
37.436 1401.454
37.474 1404.301
37.540 1409.252
37.627 1415.791
37.681 1419.858
37.691 1420.611
37.752 1425.214
37.814 1429.899
37.951 1440.278
37.965 1441.341
38.019 1445.444
38.065 1448.944
38.187 1458.247
38.232 1461.686
38.259 1463.751
38.322 1468.576
38.496 1481.942
38.512 1483.174
38.528 1484.407
38.566 1487.336
38.599 1489.883
38.637 1492.818
38.686 1496.607
38.714 1498.774
38.715 1498.851
38.874 1511.188
39.038 1523.965
39.120 1530.374
39.161 1533.584
39.602 1568.318
39.818 1585.473
39.833 1586.668
39.875 1590.016
39.957 1596.562
39.979 1598.320
40.187 1614.995
40.221 1617.729
40.335 1626.912
40.372 1629.898
40.442 1635.555
40.555 1644.708
40.593 1647.792
40.615 1649.578
40.693 1655.920
40.778 1662.845
40.805 1665.048
40.884 1671.501
41.095 1688.799
41.242 1700.903
41.280 1704.038
41.283 1704.286
41.296 1705.360
41.392 1713.298
41.406 1714.457
41.473 1720.010
41.546 1726.070
41.607 1731.142
41.668 1736.222
41.691 1738.139
41.871 1753.181
42.009 1764.756
42.010 1764.840
42.039 1767.278
42.093 1771.821
42.121 1774.179
42.156 1777.128
42.167 1778.056
42.508 1806.930
42.566 1811.864
42.666 1820.388
42.720 1824.998
42.756 1828.076
42.862 1837.151
42.976 1846.937
43.109 1858.386
43.163 1863.045
43.251 1870.649
43.303 1875.150
43.426 1885.817
43.429 1886.078
43.462 1888.945
43.537 1895.470
43.543 1895.993
43.547 1896.341
43.707 1910.302
44.042 1939.698
44.129 1947.369
44.248 1957.886
44.421 1973.225
44.449 1975.714
44.516 1981.674
44.627 1991.569
44.657 1994.248
44.659 1994.426
44.684 1996.660
44.770 2004.353
44.865 2012.868
44.919 2017.717
45.031 2027.791
45.077 2031.936
45.078 2032.026
45.297 2051.818
45.320 2053.902
45.469 2067.430
45.472 2067.703
45.573 2076.898
45.582 2077.719
45.684 2087.028
45.707 2089.130
45.737 2091.873
45.793 2096.999
45.902 2106.994
45.929 2109.473
46.047 2120.326
46.134 2128.346
46.228 2137.028
46.246 2138.693
46.266 2140.543
46.307 2144.338
46.347 2148.044
46.453 2157.881
46.564 2168.206
46.595 2171.094
46.884 2198.109
47.036 2212.385
47.099 2218.316
47.445 2251.028
47.685 2273.859
47.716 2276.817
47.784 2283.311
47.791 2283.980
47.798 2284.649
47.838 2288.474
47.973 2301.409
48.126 2316.112
48.149 2318.326
48.258 2328.835
48.277 2330.669
48.289 2331.828
48.348 2337.529
48.496 2351.862
48.520 2354.190
48.657 2367.504
48.681 2369.840
48.789 2380.367
48.888 2390.037
48.942 2395.319
49.019 2402.862
49.193 2419.951
49.262 2426.745
49.303 2430.786
49.332 2433.646
49.354 2435.817
49.359 2436.311
49.479 2448.171
49.508 2451.042
49.547 2454.905
50.058 2505.803
50.089 2508.908
50.148 2514.822
50.337 2533.814
50.373 2537.439
50.547 2554.999
50.663 2566.740
50.693 2569.780
50.723 2572.823
50.872 2587.960
50.905 2591.319
50.908 2591.624
51.096 2610.801
51.132 2614.481
51.138 2615.095
51.409 2642.885
51.423 2644.325
51.454 2647.514
51.483 2650.499
51.537 2656.062
51.619 2664.521
51.626 2665.244
51.666 2669.376
51.756 2678.684
51.849 2688.319
51.927 2696.413
51.949 2698.699
52.071 2711.389
52.102 2714.618
52.180 2722.752
52.379 2743.560
52.424 2748.276
52.493 2755.515
52.518 2758.140
52.672 2774.340
52.757 2783.301
52.940 2802.644
53.004 2809.424
53.093 2818.867
53.152 2825.135
53.190 2829.176
53.241 2834.604
53.247 2835.243
53.382 2849.638
53.395 2851.026
53.692 2882.831
53.772 2891.428
53.774 2891.643
53.927 2908.121
54.039 2920.214
54.125 2929.516
54.168 2934.172
54.179 2935.364
54.208 2938.507
54.244 2942.412
54.353 2954.249
54.475 2967.526
54.535 2974.066
54.786 3001.506
54.925 3016.756
54.932 3017.525
55.133 3039.648
55.153 3041.853
55.250 3052.562
55.285 3056.431
55.299 3057.979
55.318 3060.081
55.504 3080.694
55.541 3084.803
55.558 3086.691
55.630 3094.697
55.656 3097.590
55.707 3103.270
55.720 3104.718
55.824 3116.319
55.861 3120.451
56.214 3160.014
56.218 3160.464
56.262 3165.413
56.268 3166.088
56.751 3220.676
56.802 3226.467
56.948 3243.075
57.049 3254.588
57.085 3258.697
57.242 3276.647
57.322 3285.812
57.329 3286.614
57.344 3288.334
57.346 3288.564
57.661 3324.791
57.673 3326.175
57.748 3334.832
57.792 3339.915
57.869 3348.821
57.919 3354.611
58.038 3368.409
58.129 3378.981
58.186 3385.611
58.190 3386.076
58.235 3391.315
58.333 3402.739
58.562 3429.508
58.634 3437.946
58.797 3457.087
58.855 3463.911
58.871 3465.795
58.919 3471.449
58.938 3473.688
59.013 3482.534
59.130 3496.357
59.152 3498.959
59.200 3504.640
59.214 3506.298
59.245 3509.970
59.282 3514.356
59.367 3524.441
59.371 3524.916
59.383 3526.341
59.387 3526.816
59.414 3530.023
59.492 3539.298
59.557 3547.036
59.622 3554.783
59.768 3572.214
59.778 3573.409
59.834 3580.108
59.881 3585.734
59.904 3588.489
59.908 3588.968
60.003 3600.360
60.038 3604.561
60.040 3604.802
60.061 3607.324
60.270 3632.473
60.323 3638.864
60.503 3660.613
60.722 3687.161
60.774 3693.479
60.833 3700.654
60.853 3703.088
60.873 3705.522
60.881 3706.496
60.973 3717.707
61.089 3731.866
61.158 3740.301
61.181 3743.115
61.238 3750.093
61.241 3750.460
61.272 3754.258
61.332 3761.614
61.546 3787.910
61.551 3788.526
61.576 3791.604
61.654 3801.216
61.750 3813.062
61.828 3822.702
61.974 3840.777
62.077 3853.554
62.105 3857.031
62.296 3880.792
62.494 3905.500
62.502 3906.500
62.667 3927.153
62.822 3946.604
62.917 3958.549
63.025 3972.151
63.199 3994.114
63.271 4003.219
63.457 4026.791
63.516 4034.282
63.545 4037.967
63.644 4050.559
63.697 4057.308
63.770 4066.613
63.790 4069.164
63.847 4076.439
63.875 4080.016
63.899 4083.082
63.992 4094.976
64.183 4119.457
64.281 4132.047
64.329 4138.220
64.552 4166.961
64.887 4210.323
64.898 4211.750
64.903 4212.399
64.942 4217.463
64.974 4221.621
65.006 4225.780
65.024 4228.121
65.030 4228.901
65.041 4230.332
65.048 4231.242
65.162 4246.086
65.218 4253.388
65.291 4262.915
65.311 4265.527
65.458 4284.750
65.505 4290.905
65.518 4292.608
65.557 4297.720
65.643 4309.003
65.649 4309.791
65.780 4327.008
65.891 4341.624
65.903 4343.205
65.950 4349.403
66.019 4358.508
66.203 4382.837
66.297 4395.292
66.326 4399.138
66.462 4417.197
66.508 4423.314
66.652 4442.489
66.737 4453.827
66.821 4465.046
66.866 4471.062
66.914 4477.483
67.510 4557.600
67.536 4561.111
67.562 4564.624
67.786 4594.942
67.871 4606.473
68.009 4625.224
68.053 4631.211
68.111 4639.108
68.115 4639.653
68.162 4646.058
68.204 4651.786
68.223 4654.378
68.288 4663.251
68.291 4663.661
68.299 4664.753
68.336 4669.809
68.367 4674.047
68.430 4682.665
68.448 4685.129
68.474 4688.689
68.514 4694.168
68.551 4699.240
68.616 4708.155
68.678 4716.668
68.876 4743.903
68.877 4744.041
68.945 4753.413
69.061 4769.422
69.109 4776.054
69.114 4776.745
69.158 4782.829
69.231 4792.931
69.261 4797.086
69.459 4824.553
69.605 4844.856
69.683 4855.720
69.710 4859.484
69.768 4867.574
69.814 4873.995
69.867 4881.398
69.956 4893.842
70.340 4947.716
70.464 4965.175
70.552 4977.585
70.619 4987.043
70.732 5003.016
71.092 5054.072
71.181 5066.735
71.189 5067.874
71.321 5086.685
71.366 5093.106
71.424 5101.388
71.506 5113.108
71.525 5115.826
71.527 5116.112
71.687 5139.026
71.720 5143.758
71.906 5170.473
72.053 5191.635
72.063 5193.076
72.064 5193.220
72.083 5195.959
72.084 5196.103
72.167 5208.076
72.201 5212.984
72.203 5213.273
72.263 5221.941
72.452 5249.292
72.490 5254.800
72.551 5263.648
72.729 5289.507
72.791 5298.530
72.969 5324.475
73.025 5332.651
73.040 5334.842
73.216 5360.583
73.305 5373.623
73.458 5396.078
73.537 5407.690
73.540 5408.132
73.559 5410.926
73.673 5427.711
73.781 5443.636
73.874 5457.368
73.891 5459.880
73.948 5468.307
73.949 5468.455
73.971 5471.709
74.090 5489.328
74.226 5509.499
74.232 5510.390
74.449 5542.654
74.461 5544.441
74.484 5547.866
74.560 5559.194
74.709 5581.435
74.876 5606.415
74.914 5612.107
74.946 5616.903
74.992 5623.800
75.061 5634.154
75.112 5641.813
75.129 5644.367
75.496 5699.646
75.547 5707.349
75.562 5709.616
75.733 5735.487
75.831 5750.341
75.843 5752.161
75.852 5753.526
76.047 5783.146
76.076 5787.558
76.100 5791.210
76.171 5802.021
76.206 5807.354
76.291 5820.317
76.474 5848.273
76.548 5859.596
76.578 5864.190
76.589 5865.875
76.602 5867.866
76.721 5886.112
76.768 5893.326
76.809 5899.622
76.822 5901.620
76.894 5912.687
77.021 5932.234
77.179 5956.598
77.500 6006.250
77.519 6009.195
77.520 6009.350
77.570 6017.105
77.670 6032.629
77.679 6034.027
77.828 6057.198
77.890 6066.852
77.997 6083.532
78.013 6086.028
78.105 6100.391
78.108 6100.860
78.170 6110.549
78.274 6126.819
78.290 6129.324
78.295 6130.107
78.296 6130.264
78.339 6136.999
78.484 6159.738
78.682 6190.857
78.713 6195.736
78.771 6204.870
78.828 6213.854
78.908 6226.472
78.946 6232.471
78.965 6235.471
78.976 6237.209
79.070 6252.065
79.098 6256.494
79.197 6272.165
79.221 6275.967
79.314 6290.711
79.385 6301.978
79.441 6310.872
79.455 6313.097
79.481 6317.229
79.818 6370.913
79.907 6385.129
79.980 6396.800
80.022 6403.520
80.042 6406.722
80.177 6428.351
80.332 6453.230
80.467 6474.938
80.483 6477.513
80.671 6507.810
80.765 6522.985
80.817 6531.387
80.818 6531.549
80.822 6532.196
80.901 6544.972
80.936 6550.636
80.979 6557.598
80.987 6558.894
81.054 6569.751
81.158 6586.621
81.188 6591.491
81.247 6601.075
81.421 6629.379
81.468 6637.035
81.477 6638.502
81.486 6639.968
81.513 6644.369
81.927 6712.033
82.033 6729.413
82.113 6742.545
82.227 6761.280
82.359 6783.005
82.627 6827.221
82.797 6855.343
82.907 6873.571
82.944 6879.707
82.956 6881.698
82.999 6888.834
83.085 6903.117
83.092 6904.280
83.140 6912.260
83.166 6916.584
83.197 6921.741
83.262 6932.561
83.307 6940.056
83.764 7016.408
83.823 7026.295
83.847 7030.319
83.888 7037.197
83.910 7040.888
83.921 7042.734
83.987 7053.816
84.101 7072.978
84.188 7087.619
84.217 7092.503
84.224 7093.682
84.346 7114.248
84.372 7118.634
84.374 7118.972
84.455 7132.647
84.496 7139.574
84.499 7140.081
84.572 7152.423
84.582 7154.115
84.832 7196.468
84.860 7201.220
84.932 7213.445
84.956 7217.522
84.998 7224.660
85.014 7227.380
85.064 7235.884
85.214 7261.426
85.264 7269.950
85.351 7284.793
85.373 7288.549
85.520 7313.670
85.601 7327.531
85.685 7341.919
85.690 7342.776
85.783 7358.723
85.840 7368.506
85.858 7371.596
85.929 7383.793
86.005 7396.860
86.184 7427.682
86.401 7465.133
86.542 7489.518
86.717 7519.838
86.761 7527.471
86.834 7540.144
86.962 7562.389
86.972 7564.129
87.197 7603.317
87.200 7603.840
87.359 7631.595
87.361 7631.944
87.547 7664.477
87.560 7666.754
87.616 7676.563
87.699 7691.115
87.996 7743.296
88.088 7759.496
88.109 7763.196
88.119 7764.958
88.140 7768.660
88.255 7788.945
88.292 7795.477
88.317 7799.892
88.433 7820.395
88.509 7833.843
88.539 7839.155
88.612 7852.087
88.656 7859.886
88.666 7861.660
88.757 7877.805
88.808 7886.861
88.937 7909.790
89.124 7943.087
89.158 7949.149
89.269 7968.954
89.599 8027.981
89.739 8053.088
89.807 8065.297
89.950 8091.003
90.087 8115.668
90.111 8119.992
90.227 8140.912
90.257 8146.326
90.373 8167.279
90.409 8173.787
90.449 8181.022
90.506 8191.336
90.578 8204.374
90.583 8205.280
90.616 8211.259
90.713 8228.848
90.732 8232.296
90.792 8243.187
90.794 8243.550
90.795 8243.732
90.860 8255.540
90.873 8257.902
90.971 8275.723
91.022 8285.004
91.072 8294.109
91.131 8304.859
91.246 8325.833
91.265 8329.300
91.278 8331.673
91.373 8349.025
91.556 8382.501
91.560 8383.234
91.660 8401.556
91.922 8449.654
91.967 8457.929
91.981 8460.504
91.996 8463.264
92.057 8474.491
92.125 8487.016
92.133 8488.490
92.263 8512.461
92.278 8515.229
92.283 8516.152
92.301 8519.475
92.320 8522.982
92.386 8535.173
92.496 8555.510
92.511 8558.285
92.514 8558.840
92.528 8561.431
92.614 8577.353
92.654 8584.764
92.659 8585.690
92.884 8627.437
93.093 8666.307
93.155 8677.854
93.164 8679.531
93.270 8699.293
93.364 8716.836
93.505 8743.185
93.707 8781.002
93.824 8802.943
93.858 8809.324
93.887 8814.769
94.029 8841.453
94.141 8862.528
94.152 8864.599
94.164 8866.859
94.338 8899.658
94.341 8900.224
94.639 8956.540
94.684 8965.060
94.702 8968.469
94.766 8980.595
94.794 8985.902
94.893 9004.681
95.072 9038.685
95.087 9041.538
95.104 9044.771
95.174 9058.090
95.240 9070.658
95.303 9082.662
95.333 9088.381
95.353 9092.195
95.362 9093.911
95.393 9099.824
95.409 9102.877
95.424 9105.740
95.432 9107.267
95.456 9111.848
95.508 9121.778
95.581 9135.728
95.760 9169.978
96.272 9268.298
96.475 9307.426
96.627 9336.777
96.632 9337.743
96.691 9349.149
96.762 9362.885
96.909 9391.354
96.997 9408.418
97.164 9440.843
97.226 9452.895
97.270 9461.453
97.345 9476.049
97.523 9510.736
97.561 9518.149
97.584 9522.637
97.646 9534.741
97.652 9535.913
97.679 9541.187
97.871 9578.733
97.883 9581.082
97.921 9588.522
98.073 9618.313
98.210 9645.204
98.313 9665.446
98.349 9672.526
98.358 9674.296
98.413 9685.119
98.565 9715.059
98.600 9721.960
98.622 9726.299
98.652 9732.217
98.673 9736.361
98.700 9741.690
98.709 9743.467
98.880 9777.254
98.957 9792.488
99.005 9801.990
99.018 9804.564
99.136 9827.946
99.178 9836.276
99.254 9851.357
99.303 9861.086
99.495 9899.255
99.503 9900.847
99.515 9903.235
99.525 9905.226
99.552 9910.601
99.754 9950.861
99.924 9984.806
100.106 10021.211
100.166 10033.228
100.189 10037.836
100.309 10061.895
100.331 10066.310
100.338 10067.714
100.339 10067.915
100.349 10069.922
100.363 10072.732
100.479 10096.029
100.621 10124.586
100.655 10131.429
100.694 10139.282
100.725 10145.526
100.759 10152.376
100.765 10153.585
100.814 10163.463
100.880 10176.774
101.012 10203.424
101.023 10205.647
101.071 10215.347
101.078 10216.762
101.101 10221.412
101.166 10234.560
101.180 10237.392
101.305 10262.703
101.338 10269.390
101.388 10279.527
101.480 10298.190
101.481 10298.393
101.557 10313.824
101.567 10315.855
101.568 10316.059
101.571 10316.668
101.694 10341.670
101.698 10342.483
101.710 10344.924
101.733 10349.603
101.791 10361.408
101.816 10366.498
101.820 10367.312
102.105 10425.431
102.142 10432.988
102.200 10444.840
102.262 10457.517
102.374 10480.436
102.377 10481.050
102.492 10504.610
102.618 10530.454
102.660 10539.076
102.779 10563.523
102.833 10574.626
102.899 10588.204
102.933 10595.202
102.977 10604.263
102.983 10605.498
103.039 10617.036
103.047 10618.684
103.157 10641.367
103.231 10656.639
103.240 10658.498
103.275 10665.726
103.285 10667.791
103.367 10684.737
103.384 10688.251
103.442 10700.247
103.679 10749.335
104.132 10843.473
104.167 10850.764
104.249 10867.854
104.285 10875.361
104.301 10878.699
104.320 10882.662
104.418 10903.119
104.593 10939.696
105.180 11062.832
105.210 11069.144
105.277 11083.247
105.313 11090.828
105.363 11101.362
105.471 11124.132
105.483 11126.663
105.486 11127.296
105.499 11130.039
105.794 11192.370
105.813 11196.391
105.823 11198.507
105.837 11201.471
105.913 11217.564
105.919 11218.835
105.920 11219.046
106.043 11245.118
106.112 11259.757
106.185 11275.254
106.389 11318.619
106.484 11338.842
106.602 11363.986
106.826 11411.794
106.902 11428.038
106.940 11436.164
107.027 11454.779
107.066 11463.128
107.086 11467.411
107.112 11472.981
107.335 11520.802
107.375 11529.391
107.409 11536.693
107.415 11537.982
107.715 11602.521
107.753 11610.709
107.790 11618.684
107.812 11623.427
107.815 11624.074
107.869 11635.721
107.883 11638.742
108.416 11754.029
108.428 11756.631
108.466 11764.873
108.548 11782.668
108.677 11810.690
108.768 11830.478
108.790 11835.264
108.806 11838.746
108.845 11847.234
108.906 11860.517
109.045 11890.812
109.156 11915.032
109.372 11962.234
109.433 11975.581
109.536 11998.135
109.613 12015.010
109.702 12034.529
109.713 12036.942
109.757 12046.599
109.783 12052.307
109.806 12057.358
109.877 12072.955
110.098 12121.570
110.220 12148.448
110.231 12150.873
110.257 12156.606
110.652 12243.865
110.705 12255.597
110.778 12271.765
110.820 12281.072
111.008 12322.776
111.099 12342.988
111.122 12348.099
111.167 12358.102
111.210 12367.664
111.243 12375.005
111.332 12394.814
111.456 12422.440
111.567 12447.195
111.612 12457.239
111.632 12461.703
111.774 12493.427
111.847 12509.751
111.849 12510.199
111.981 12539.744
112.107 12567.979
112.166 12581.212
112.274 12605.451
112.357 12624.095
112.427 12639.830
112.498 12655.800
112.534 12663.901
112.598 12678.310
112.911 12748.894
112.954 12758.606
112.972 12762.673
113.003 12769.678
113.095 12790.479
113.166 12806.544
113.254 12826.469
113.297 12836.210
113.322 12841.876
113.516 12885.882
113.589 12902.461
113.683 12923.824
113.756 12940.428
113.824 12955.903
113.969 12988.933
114.030 13002.841
114.249 13052.834
114.290 13062.204
114.325 13070.206
114.339 13073.407
114.398 13086.902
114.451 13099.031
114.472 13103.839
114.479 13105.441
114.497 13109.563
114.597 13132.472
114.606 13134.535
114.627 13139.349
114.832 13186.388
114.937 13210.514
114.984 13221.320
114.992 13223.160
115.077 13242.716
115.221 13275.879
115.249 13282.332
115.273 13287.865
115.276 13288.556
115.297 13293.398
115.337 13302.624
115.459 13330.781
115.513 13343.253
115.534 13348.105
115.543 13350.185
115.669 13379.318
115.737 13395.053
115.766 13401.767
115.822 13414.736
115.905 13433.969
115.915 13436.287
115.950 13444.403
116.068 13471.781
116.220 13507.088
116.224 13508.018
116.261 13516.620
116.387 13545.934
116.393 13547.330
116.394 13547.563
116.505 13573.415
116.638 13604.423
116.674 13612.822
116.718 13623.092
116.755 13631.730
116.758 13632.431
116.762 13633.365
116.787 13639.203
116.860 13656.260
116.926 13671.689
117.060 13703.044
117.116 13716.157
117.166 13727.872
117.252 13748.032
117.273 13752.957
117.306 13760.698
117.317 13763.278
117.367 13775.013
117.542 13816.122
117.611 13832.347
117.644 13840.111
117.714 13856.586
117.781 13872.364
117.837 13885.559
117.898 13899.938
117.947 13911.495
118.054 13936.747
118.106 13949.027
118.381 14014.061
118.387 14015.482
118.487 14039.169
118.683 14085.654
118.716 14093.489
118.817 14117.479
118.834 14121.520
118.926 14143.393
118.990 14158.620
119.103 14185.525
119.176 14202.919
119.313 14235.592
119.344 14242.990
119.444 14266.869
119.578 14298.898
119.602 14304.638
119.625 14310.141
119.669 14320.670
119.727 14334.555
119.814 14355.395
120.168 14440.348
120.297 14471.368
120.463 14511.334
120.492 14518.322
120.504 14521.214
120.562 14535.196
120.644 14554.975
120.677 14562.938
120.905 14618.019
120.919 14621.405
120.944 14627.451
121.008 14642.936
121.044 14651.650
121.289 14711.022
121.670 14803.589
121.745 14821.845
121.833 14843.280
122.188 14929.907
122.200 14932.840
122.226 14939.195
122.332 14965.118
122.358 14971.480
122.365 14973.193
122.370 14974.417
122.389 14979.067
122.439 14991.309
122.485 15002.575
122.514 15009.680
122.647 15042.287
122.656 15044.494
122.705 15056.517
122.784 15075.911
122.843 15090.403
122.860 15094.580
122.935 15113.014
123.062 15144.256
123.067 15145.486
123.127 15160.258
123.259 15192.781
123.367 15219.417
123.496 15251.262
123.551 15264.850
123.599 15276.713
123.608 15278.938
123.793 15324.707
123.854 15339.813
123.888 15348.237
124.092 15398.824
124.151 15413.471
124.247 15437.317
124.425 15481.581
124.504 15501.246
124.617 15529.397
124.705 15551.337
124.710 15552.584
124.721 15555.328
124.722 15555.577
124.754 15563.561
124.801 15575.290
124.955 15613.752
124.978 15619.500
125.093 15648.259
125.146 15661.521
125.282 15695.580
125.327 15706.857
125.339 15709.865
125.380 15720.144
125.437 15734.441
125.477 15744.478
125.512 15753.262
125.657 15789.682
125.658 15789.933
125.700 15800.490
125.707 15802.250
125.827 15832.434
125.925 15857.106
125.931 15858.617
125.959 15865.670
126.095 15899.949
126.114 15904.741
126.161 15916.598
126.244 15937.548
126.455 15990.867
126.511 16005.033
126.513 16005.539
126.593 16025.788
126.643 16038.449
126.773 16071.394
126.806 16079.762
126.858 16092.952
126.927 16110.463
126.946 16115.287
126.958 16118.334
126.973 16122.143
127.077 16148.564
127.152 16167.631
127.177 16173.989
127.269 16197.398
127.275 16198.926
127.347 16217.258
127.383 16226.429
127.483 16251.915
127.603 16282.526
127.756 16321.596
127.911 16361.224
128.003 16384.768
128.057 16398.595
128.067 16401.156
128.079 16404.230
128.133 16418.066
128.144 16420.885
128.217 16439.599
128.291 16458.581
128.355 16475.006
128.565 16528.959
128.674 16556.998
128.854 16603.353
128.860 16604.900
128.985 16637.130
129.027 16647.967
129.141 16677.398
129.217 16697.033
129.271 16710.991
129.321 16723.921
129.402 16744.878
129.487 16766.883
129.503 16771.027
129.535 16779.316
129.561 16786.053
129.610 16798.752
129.642 16807.048
129.682 16817.421
129.723 16828.057
129.733 16830.651
129.745 16833.765
129.754 16836.101
129.831 16856.089
129.912 16877.128
129.955 16888.302
129.975 16893.501
130.011 16902.860
130.048 16912.482
130.063 16916.384
130.074 16919.245
130.114 16929.653
130.211 16954.905
130.308 16980.175
130.316 16982.260
130.491 17027.901
130.566 17047.480
130.586 17052.703
130.613 17059.756
130.739 17092.686
130.782 17103.932
130.899 17134.548
130.949 17147.641
130.994 17159.428
131.188 17210.291
131.376 17259.653
131.389 17263.069
131.481 17287.253
131.488 17289.094
131.504 17293.302
131.695 17343.573
131.770 17363.333
131.810 17373.876
131.924 17403.942
132.092 17448.296
132.330 17511.229
132.347 17515.728
132.362 17519.699
132.370 17521.817
132.402 17530.290
132.466 17547.241
132.541 17567.117
132.573 17575.600
132.636 17592.308
132.672 17601.860
132.878 17656.563
133.124 17721.999
133.203 17743.039
133.280 17763.558
133.346 17781.156
133.418 17800.363
133.443 17807.034
133.629 17856.710
133.630 17856.977
133.732 17884.248
133.853 17916.626
133.929 17936.977
134.039 17966.454
134.133 17991.662
134.188 18006.419
134.232 18018.230
134.310 18039.176
134.362 18053.147
134.600 18117.160
134.686 18140.319
134.714 18147.862
134.749 18157.293
134.816 18175.354
134.817 18175.623
134.870 18189.917
135.017 18229.590
135.084 18247.687
135.089 18249.038
135.255 18293.915
135.294 18304.466
135.387 18329.640
135.445 18345.348
135.464 18350.495
135.873 18461.472
135.931 18477.237
136.050 18509.603
136.093 18521.305
136.264 18567.878
136.426 18612.053
136.644 18671.583
136.692 18684.703
136.707 18688.804
136.770 18706.033
136.791 18711.778
136.986 18765.164
137.030 18777.221
137.079 18790.652
137.136 18806.282
137.172 18816.158
137.219 18829.054
137.282 18846.348
137.306 18852.938
137.366 18869.418
137.492 18904.050
137.521 18912.025
137.603 18934.586
137.846 19001.520
137.870 19008.137
137.954 19031.306
138.059 19060.287
138.072 19063.877
138.103 19072.439
138.154 19086.528
138.183 19094.541
138.193 19097.305
138.355 19142.106
138.427 19162.034
138.503 19183.081
138.559 19198.596
138.642 19221.604
138.645 19222.436
138.750 19251.562
138.760 19254.338
138.981 19315.718
139.112 19352.149
139.158 19364.949
139.183 19371.907
139.239 19387.499
139.291 19401.983
139.297 19403.654
139.325 19411.456
139.339 19415.357
139.354 19419.537
139.384 19427.899
139.549 19473.923
139.741 19527.547
139.775 19537.051
139.798 19543.481
139.889 19568.932
140.303 19684.932
140.375 19705.141
140.477 19733.788
140.512 19743.622
140.657 19784.392
140.734 19806.059
140.855 19840.131
140.928 19860.701
140.942 19864.647
140.953 19867.748
140.993 19879.026
141.046 19893.974
141.097 19908.363
141.109 19911.750
141.180 19931.792
141.262 19954.953
141.311 19968.799
141.330 19974.169
141.365 19984.063
141.380 19988.304
141.411 19997.071
141.472 20014.327
141.491 20019.703
141.520 20027.910
141.587 20046.879
141.605 20051.976
141.740 20090.228
141.780 20101.568
141.898 20135.042
141.950 20149.802
142.023 20170.533
142.038 20174.793
142.106 20194.115
142.141 20204.064
142.239 20231.933
142.660 20351.876
142.713 20367.000
142.749 20377.277
142.777 20385.272
142.797 20390.983
142.914 20424.411
142.934 20430.128
142.983 20444.138
143.056 20465.019
143.060 20466.164
143.311 20538.043
143.367 20554.097
143.368 20554.383
143.391 20560.979
143.468 20583.067
143.516 20596.842
143.560 20609.474
143.699 20649.403
143.738 20660.613
143.757 20666.075
143.798 20677.865
144.034 20745.793
144.124 20771.727
144.137 20775.475
144.373 20843.563
144.456 20867.536
144.514 20884.296
144.621 20915.234
144.704 20939.248
144.743 20950.536
144.949 21010.213
144.966 21015.141
145.101 21054.300
145.108 21056.332
145.113 21057.783
145.124 21060.975
145.209 21085.654
145.268 21102.792
145.309 21114.705
145.399 21140.869
145.428 21149.303
145.468 21160.939
145.473 21162.394
145.481 21164.721
145.587 21195.575
145.613 21203.146
145.701 21228.781
145.757 21245.103
145.879 21280.683
145.902 21287.394
145.980 21310.160
146.024 21323.009
146.049 21330.310
146.104 21346.379
146.134 21355.146
146.139 21356.607
146.186 21370.347
146.228 21382.628
146.311 21406.909
146.366 21423.006
146.506 21464.008
146.636 21502.116
146.932 21589.013
146.952 21594.890
146.969 21599.887
147.050 21623.703
147.102 21638.998
147.128 21646.648
147.166 21657.832
147.404 21727.939
147.583 21780.742
147.653 21801.408
147.716 21820.017
147.726 21822.971
147.791 21842.180
148.024 21911.105
148.044 21917.026
148.107 21935.683
148.291 21990.221
148.426 22030.277
148.518 22057.596
148.755 22128.050
148.831 22150.667
148.852 22156.918
148.883 22166.148
148.893 22169.125
149.189 22257.358
149.216 22265.415
149.266 22280.339
149.375 22312.891
149.464 22339.487
149.580 22374.176
149.679 22403.803
149.691 22407.395
149.705 22411.587
149.816 22444.834
149.946 22483.803
149.957 22487.102
149.984 22495.200
150.267 22580.171
150.332 22599.710
150.611 22683.673
150.639 22692.108
150.641 22692.711
150.643 22693.313
150.665 22699.942
150.754 22726.769
150.821 22746.974
150.884 22765.981
151.147 22845.416
151.280 22885.638
151.299 22891.387
151.352 22907.428
151.460 22940.132
151.462 22940.737
151.694 23011.070
151.821 23049.616
151.845 23056.904
152.017 23109.168
152.152 23150.231
152.181 23159.057
152.399 23225.455
152.546 23270.282
152.587 23282.793
152.617 23291.949
152.757 23334.701
152.790 23344.784
152.801 23348.146
152.814 23352.119
152.847 23362.205
152.857 23365.262
152.881 23372.600
153.017 23414.202
153.026 23416.957
153.043 23422.160
153.223 23477.288
153.474 23554.269
153.488 23558.566
153.561 23580.981
153.639 23604.942
153.645 23606.786
153.653 23609.244
153.811 23657.824
153.878 23678.439
153.893 23683.055
153.901 23685.518
153.905 23686.749
154.341 23821.144
154.476 23862.835
154.504 23871.486
154.584 23896.213
154.746 23946.325
154.773 23954.682
154.833 23973.258
154.852 23979.142
154.859 23981.310
154.870 23984.717
154.932 24003.925
154.958 24011.982
155.209 24089.834
155.245 24101.010
155.347 24132.690
155.434 24159.728
155.452 24165.324
155.523 24187.404
155.524 24187.715
155.569 24201.714
155.588 24207.626
155.854 24290.469
155.923 24311.982
155.962 24324.145
156.043 24349.418
156.173 24390.006
156.343 24443.134
156.346 24444.072
156.499 24491.937
156.566 24512.912
156.585 24518.862
156.787 24582.163
156.924 24625.142
156.952 24633.930
157.019 24654.966
157.261 24731.022
157.354 24760.281
157.509 24809.085
157.606 24839.651
157.659 24856.360
157.735 24880.330
157.892 24929.884
158.265 25047.810
158.312 25062.689
158.321 25065.539
158.435 25101.649
158.462 25110.205
158.560 25141.274
158.626 25162.208
158.661 25173.313
158.717 25191.086
158.828 25226.334
158.871 25239.995
158.878 25242.219
158.934 25260.016
159.036 25292.449
159.067 25302.310
159.118 25318.538
159.218 25350.372
159.365 25397.203
159.467 25429.724
159.619 25478.225
159.736 25515.590
159.927 25576.645
159.953 25584.962
